=~=~=~=~=~=~=~=~=~=~=~= PuTTY log 2019.11.04 21:22:27 =~=~=~=~=~=~=~=~=~=~=~=
1331850 1.95 -3.60 -0.85 0.19 -0.02 0.81
1331956 1.34 -2.62 16.60 0.13 0.07 1.11
1332062 1.10 -3.72 -29.05 0.00 0.04 1.07
1332168 0.00 -3.11 1.28 0.04 0.03 1.08
1332274 0.00 -2.99 -0.43 0.04 0.02 1.09
1332380 0.49 -2.93 3.36 0.06 -0.00 1.08
1332486 1.46 -3.36 0.31 0.02 0.01 1.09
1332592 0.49 -2.38 0.24 0.03 0.01 1.08
1332698 0.49 -2.93 0.18 0.04 0.01 1.08
1332804 1.22 -2.93 -0.24 0.04 0.00 1.09
1332910 0.00 -2.20 1.28 0.02 0.02 1.10
1333016 0.49 -3.05 3.60 0.04 0.02 1.08
1333122 0.43 -2.38 -0.67 0.04 0.01 1.07
1333228 -0.18 -2.81 -0.18 0.03 0.02 1.09
1333334 1.71 -3.11 -0.79 0.04 0.03 1.07
1333440 0.31 -2.81 -0.43 0.03 0.01 1.09
1333546 0.37 -2.81 -0.24 0.03 0.02 1.08
1333652 0.55 -3.11 0.49 0.04 0.01 1.09
1333758 0.79 -3.60 -0.12 0.03 0.01 1.09
1333864 0.67 -3.23 0.79 0.07 0.03 1.08
1333970 0.55 -3.11 0.37 0.02 0.03 0.97
1334076 1.10 -2.87 -0.55 0.04 0.04 1.02
1334182 1.10 -2.75 -0.24 0.03 0.06 1.01
1334288 -0.24 -2.50 -0.85 0.04 0.01 1.08
1334394 0.00 -2.81 -0.06 0.03 0.01 1.08
1334500 0.85 -2.81 -0.49 0.02 0.06 1.01
1334606 -0.18 -2.99 -0.73 0.02 0.07 1.02
1334712 0.43 -2.75 -0.67 0.03 0.01 1.07
1334818 0.79 -2.99 -0.73 0.04 0.02 1.09
1334924 0.61 -2.50 -0.18 0.03 0.00 1.08
1335030 0.67 -2.93 -0.12 0.03 0.01 1.08
1335136 1.40 -3.17 -0.31 0.05 0.02 1.09
1335242 -2.20 -2.32 -8.18 0.04 0.03 1.07
1335348 0.43 -3.05 -0.18 0.04 0.02 1.08
1335454 -0.55 -2.81 -25.02 0.01 -0.01 1.10
1335560 1.22 -3.97 -6.23 0.05 0.02 1.08
1335666 0.37 -2.56 -0.24 0.04 0.02 1.10
1335772 0.98 -2.93 -0.49 0.04 0.02 1.08
1335878 0.79 -2.93 -0.43 0.05 0.02 1.09
1335984 0.49 -2.50 -0.37 0.04 0.03 1.08
1336090 0.67 -3.17 -0.49 0.04 0.01 1.09
1336196 0.61 -2.26 -0.55 0.04 0.02 1.07
1336302 1.04 -2.93 -7.08 0.02 0.01 1.09
1336408 2.69 -4.15 -11.05 0.04 0.02 1.06
1336514 1.83 -2.99 12.33 0.00 0.05 1.05
1336620 4.70 -20.51 30.94 0.09 0.05 1.09
1336726 -0.61 -16.36 8.79 0.10 0.04 1.07
1336832 -0.55 17.09 0.49 0.07 0.03 1.09
1336938 1.16 5.07 -2.20 0.05 0.03 1.08
1337044 0.24 5.43 -2.81 0.05 0.04 1.09
1337150 1.53 -0.24 -0.92 0.05 0.04 1.09
1337256 0.73 1.89 -1.83 0.04 0.04 1.07
1337362 -0.79 -2.14 0.61 0.06 0.05 1.09
1337468 1.95 -2.99 -0.31 0.04 0.04 1.08
1337574 2.26 -4.27 0.61 0.04 0.04 1.07
1337680 1.95 -2.62 -0.49 0.04 0.03 1.10
1337786 -0.06 1.40 -1.34 0.04 0.04 1.09
1337892 1.28 -1.65 -0.31 0.05 0.06 1.10
1337998 3.97 -3.54 1.53 0.05 0.04 1.08
1338104 -0.49 -3.42 -1.16 0.03 0.06 1.09
1338210 2.26 -1.40 -0.98 0.03 0.05 1.09
1338316 2.20 -4.03 0.61 0.04 0.04 1.09
1338422 1.22 -2.26 -0.49 -0.00 -0.01 1.07
1338528 0.98 -3.23 -0.31 0.04 0.05 1.07
1338634 0.55 -3.11 -0.73 0.04 0.04 1.07
1338740 1.34 -1.95 1.89 0.05 0.05 1.09
1338846 0.43 -3.78 -1.65 0.03 0.05 1.08
1338952 -1.10 -2.44 1.10 0.05 0.04 1.06
1339058 -1.89 -2.62 0.18 0.06 0.03 1.08
1339164 0.98 -2.69 -1.65 0.04 0.03 1.08
1339270 -5.00 -2.81 -4.15 0.01 0.04 1.11
1339376 0.61 -3.54 -38.88 0.06 -0.03 1.11
1339482 1.40 -3.17 -14.77 0.04 0.02 1.09
1339588 2.08 -2.93 -1.10 0.04 0.02 1.09
1339694 0.79 -2.81 -0.12 0.03 0.01 1.09
1339800 7.08 -4.58 4.94 0.02 0.03 1.07
1339906 0.92 -3.60 0.43 0.05 0.01 1.08
1340012 0.73 -3.05 -0.24 0.04 0.03 1.09
1340118 0.92 -3.11 -0.55 0.05 0.03 1.09
1340224 0.18 -2.99 -0.37 0.03 0.03 1.09
1340330 1.34 -2.62 -0.31 0.02 0.01 1.09
1340436 1.34 -2.69 -0.31 0.02 0.02 1.08
1340542 0.67 -2.99 -0.37 0.03 0.02 1.10
1340648 0.73 -2.75 -0.73 0.04 0.01 1.08
1340754 -3.17 -1.22 -2.38 0.05 -0.01 1.12
1340860 0.31 -2.56 -0.61 0.03 0.00 1.09
1340966 1.16 -2.87 -0.18 0.04 0.03 1.07
1341072 0.55 -3.23 -0.18 0.03 0.01 1.10
1341178 -0.55 -3.05 -0.73 0.04 0.01 1.08
1341284 0.06 -2.75 -0.67 0.03 0.02 1.08
1341390 1.89 -3.30 -0.43 0.03 0.03 1.08
1341496 2.32 -4.15 -5.68 0.01 0.01 1.08
1341602 0.98 -2.93 -0.55 0.03 0.00 1.10
1341708 -0.12 -2.38 -1.16 0.04 0.02 1.07
1341814 -0.43 -2.32 -0.85 0.03 0.02 1.09
1341920 1.83 -3.17 -0.73 0.03 0.01 1.09
1342026 1.34 -2.81 -1.89 0.02 0.03 1.10
1342132 -0.85 -2.44 -2.56 0.04 0.00 1.11
1342238 0.67 -2.87 -1.04 0.03 0.01 1.07
1342344 0.92 -2.81 -0.98 0.03 0.01 1.09
1342450 0.24 -2.44 -0.67 0.03 0.01 1.08
1342556 1.04 -2.69 -0.49 0.02 0.01 1.10
1342662 0.85 -3.60 -0.73 0.02 0.02 1.11
1342768 1.16 -2.75 -0.18 0.02 0.02 1.09
1342874 0.43 -2.81 -0.98 0.04 0.02 1.09
1342980 0.43 -3.05 0.06 0.02 0.01 1.08
1343086 0.55 -2.62 -0.12 0.04 0.00 1.10
1343192 0.37 -2.62 -0.73 0.03 -0.00 1.09
1343298 0.98 -3.11 -0.24 0.03 0.02 1.09
1343404 0.49 -2.81 -0.18 0.04 0.02 1.08
1343510 0.98 -2.56 -0.43 0.02 0.02 1.09
1343616 0.61 -2.56 -0.37 0.04 0.01 1.08
1343722 1.10 -2.93 0.00 0.03 0.01 1.08
1343828 0.31 -2.69 -0.43 0.02 0.03 1.09
1343934 0.18 -2.75 -0.49 0.03 0.01 1.09
1344040 0.55 -2.87 -0.73 0.03 0.01 1.08
1344146 1.04 -2.32 -0.31 0.03 0.01 1.09
1344252 0.92 -2.44 -0.31 0.04 0.01 1.09
1344358 0.18 -2.93 -0.61 0.04 0.02 1.09
1344464 0.85 -2.81 -0.12 0.03 0.02 1.09
1344570 0.67 -2.99 -0.37 0.04 0.02 1.08
1344676 0.73 -3.05 0.00 0.03 0.00 1.09
1344782 0.67 -2.81 -0.55 0.03 0.02 1.09
1344888 1.10 -3.36 -0.67 0.02 0.01 1.08
1344994 0.06 -2.99 -0.49 0.03 0.02 1.08
1345100 0.73 -2.99 -0.24 0.02 0.01 1.09
1345206 0.79 -2.32 -0.12 0.02 -0.00 1.09
1345312 0.85 -2.87 -0.37 0.04 0.02 1.10
1345418 0.24 -2.32 -0.43 0.03 0.02 1.07
1345524 1.46 -2.93 -0.55 0.04 0.01 1.09
1345630 0.61 -3.05 -0.49 0.03 0.02 1.08
1345736 0.55 -2.75 -0.18 0.05 0.03 1.08
1345842 0.43 -3.11 -0.31 0.03 0.03 1.09
1345948 0.18 -2.93 -0.73 0.04 0.03 1.09
1346054 -0.06 -2.26 0.24 0.04 0.01 1.07
1346160 0.79 -3.23 -0.61 0.03 0.00 1.09
1346266 0.67 -2.50 -0.55 0.04 0.02 1.09
1346372 0.55 -3.11 -0.24 0.04 0.02 1.10
1346478 1.04 -2.93 -0.06 0.04 0.01 1.08
1346584 1.04 -2.69 -0.18 0.02 0.02 1.08
1346690 1.22 -2.56 -0.73 0.03 0.02 1.09
1346796 0.61 -2.93 -0.43 0.04 0.01 1.09
1346902 1.16 -2.75 -0.12 0.02 0.01 1.08
1347008 1.28 -3.54 -0.92 0.04 0.03 1.08
1347114 0.73 -2.50 -0.37 0.05 0.03 1.07
1347220 0.61 -3.30 -0.37 0.04 0.01 1.08
1347326 1.04 -3.48 -0.31 0.04 0.02 1.08
1347432 0.79 -2.50 -0.31 0.05 0.02 1.08
1347538 0.61 -2.81 -0.31 0.04 0.01 1.09
1347644 0.73 -2.56 -0.06 0.05 0.01 1.08
1347750 1.04 -2.69 0.18 0.04 0.01 1.07
1347856 0.85 -2.69 -0.49 0.03 0.02 1.09
1347962 0.73 -3.11 -0.79 0.04 0.02 1.08
1348068 0.73 -2.81 -0.06 0.03 0.03 1.09
1348174 0.92 -3.05 -0.98 0.04 0.01 1.07
1348280 0.24 -2.32 -0.18 0.03 0.01 1.09
1348386 0.31 -3.30 -0.31 0.05 0.02 1.07
1348492 0.92 -2.99 -0.06 0.03 0.02 1.08
1348598 0.67 -3.17 -0.55 0.04 0.02 1.09
1348704 0.73 -2.50 -0.85 0.03 0.02 1.08
1348810 0.92 -3.30 -0.18 0.04 0.01 1.08
1348916 0.85 -3.17 -0.31 0.03 0.02 1.09
1349022 0.31 -3.30 -0.37 0.03 0.02 1.09
1349128 0.79 -2.62 0.24 0.04 0.02 1.08
1349234 -0.43 -2.56 -0.24 0.04 0.02 1.09
1349340 0.92 -3.05 0.00 0.03 0.02 1.07
1349446 0.92 -2.93 -0.12 0.03 0.01 1.08
1349552 1.10 -3.17 -0.18 0.04 0.02 1.08
1349658 0.85 -2.75 -0.67 0.03 0.02 1.07
1349764 0.67 -3.17 -0.12 0.04 0.03 1.07
1349870 -0.12 -2.69 0.18 0.04 0.02 1.08
1349976 7.87 -4.70 -3.66 0.01 0.04 1.11
1350082 -0.92 -2.01 0.24 0.04 0.02 1.09
1350188 0.00 -2.38 0.55 0.03 0.02 1.09
1350294 0.73 -2.69 3.42 0.04 0.03 1.08
1350400 1.34 -3.42 -0.18 0.04 0.02 1.08
1350506 0.67 -2.62 0.61 0.01 0.03 1.08
1350612 2.81 -69.27 6.90 0.09 -0.04 1.06
1350718 10.25 -180.73 26.67 0.27 0.06 1.02
1350824 13.67 -83.56 22.28 0.46 0.00 1.00
1350930 5.00 -2.99 -5.80 0.32 0.07 0.72
1351036 -0.61 -95.40 0.79 0.52 0.01 0.94
1351142 -29.79 -74.28 -34.91 0.69 0.04 0.72
1351249 2.08 -45.59 0.85 0.68 -0.02 0.80
1351355 6.29 -52.61 5.37 0.79 0.03 0.69
1351461 26.79 -36.99 3.23 0.85 -0.02 0.58
1351567 11.72 -47.30 11.23 0.90 -0.00 0.52
1351673 8.73 -94.85 23.68 0.92 -0.01 0.42
1351780 -15.44 -104.19 -3.60 0.96 -0.18 0.12
1351886 0.79 -57.13 -8.48 1.00 0.00 0.16
1351992 -9.89 -20.14 1.46 1.01 -0.02 0.10
1352098 0.55 -7.57 -0.92 0.99 -0.03 0.08
1352204 1.46 -7.02 -1.59 0.98 -0.02 0.06
1352310 0.85 -3.54 -1.16 0.98 -0.01 0.03
1352416 -0.79 3.36 -0.67 0.99 0.00 0.02
1352522 -0.61 1.46 0.92 0.99 -0.01 0.05
1352628 0.73 -4.21 -1.04 0.98 -0.01 0.04
1352734 1.46 -11.72 -1.71 0.99 0.01 0.03
1352840 4.09 -18.01 -1.65 0.98 -0.01 0.02
1352946 0.49 6.53 0.24 0.99 -0.01 -0.04
1353052 0.24 -5.37 -0.18 0.98 0.00 -0.01
1353158 0.55 -4.15 -0.43 0.99 0.00 -0.02
1353264 0.31 -6.35 0.00 0.98 -0.02 -0.03
1353370 0.61 -3.05 -0.37 0.99 -0.01 -0.01
1353476 0.55 1.28 -0.12 0.99 -0.00 -0.03
1353582 0.31 -1.28 -0.85 0.99 0.00 0.00
1353688 -4.70 9.40 0.31 0.99 -0.01 0.00
1353794 -5.19 17.21 -0.67 1.00 -0.01 0.04
1353900 -8.36 80.32 -12.33 0.99 0.01 0.13
1354006 -0.79 56.34 -3.11 0.99 0.00 0.21
1354112 -17.21 70.74 -0.31 0.98 -0.03 0.31
1354218 -5.19 102.36 -29.97 0.89 0.00 0.49
1354324 -4.15 56.88 -6.59 0.87 0.04 0.56
1354430 -13.31 49.74 10.07 0.81 0.00 0.68
1354536 -0.98 52.06 2.87 0.75 0.02 0.76
1354642 -19.90 7.69 -4.82 0.64 -0.02 0.85
1354748 -9.40 63.84 7.81 0.74 -0.01 0.95
1354854 5.19 4.39 25.70 0.56 -0.05 0.94
1354960 0.61 69.27 -13.31 0.43 0.01 1.01
1355066 -2.26 28.32 -21.55 0.25 0.04 1.03
1355172 14.77 27.65 -0.43 0.22 0.05 1.07
1355278 -1.95 42.42 6.04 0.10 0.04 1.05
1355384 -0.67 14.77 6.23 -0.00 0.07 1.09
1355490 -3.72 8.61 0.61 -0.02 0.05 1.05
1355596 0.24 8.79 5.07 0.02 0.06 1.07
1355702 10.31 -24.29 11.47 0.01 0.09 1.08
1355808 0.24 -9.58 2.20 0.03 0.08 1.07
1355914 -3.97 -6.53 -7.08 0.02 0.06 1.08
1356020 -1.65 -14.47 -0.85 0.08 0.08 1.08
1356126 -2.93 -12.33 -4.88 0.02 0.05 1.09
1356232 -2.08 -6.04 0.92 0.06 0.04 1.07
1356338 0.12 -10.07 -1.77 0.07 0.05 1.11
1356444 1.34 -6.16 -0.31 0.08 0.06 1.09
1356550 2.62 -11.60 0.37 0.08 0.06 1.09
1356656 -0.12 -9.09 -3.91 0.11 0.07 1.08
1356762 -0.24 -1.89 -1.83 0.10 0.05 1.08
1356868 1.34 -4.15 1.16 0.08 0.05 1.08
1356974 -1.34 2.56 -0.06 0.11 0.05 1.08
1357080 -2.01 6.04 4.15 0.06 0.03 1.09
1357186 13.85 12.15 -4.58 0.02 0.04 1.21
1357292 23.44 12.51 -9.52 0.01 0.06 1.09
1357398 19.17 -20.75 -15.50 0.05 0.08 0.99
1357504 25.33 -5.68 1.65 0.07 0.18 1.04
1357610 6.65 -33.33 -15.50 0.06 0.22 1.03
1357716 58.96 14.53 21.97 0.22 0.25 1.07
1357822 19.04 -20.57 1.89 0.17 0.28 1.04
1357928 90.27 35.89 13.98 0.17 0.40 1.07
1358034 79.28 -5.19 -7.93 0.05 0.52 0.95
1358140 92.83 -8.61 -16.78 0.13 0.65 0.83
1358246 107.54 -15.87 -15.38 0.02 0.69 0.72
1358353 82.89 -13.12 -1.83 0.12 0.80 0.57
1358459 75.07 -17.40 1.71 0.13 0.91 0.38
1358565 37.48 -11.54 -31.07 0.11 0.94 0.31
1358671 53.83 -6.65 -25.76 0.04 0.97 0.30
1358777 51.57 -5.80 -2.38 0.03 0.97 0.13
1358883 49.80 -15.01 22.16 0.08 1.02 0.02
1358989 14.53 -5.98 -5.92 0.05 1.01 0.01
1359095 0.79 -10.62 -13.31 0.07 1.00 0.01
1359201 16.78 -13.73 -4.09 0.06 0.98 0.02
1359307 -1.40 -11.78 -6.04 0.08 0.99 -0.02
1359413 5.13 5.19 -18.98 -0.13 1.01 -0.06
1359519 6.16 6.04 -12.76 -0.19 0.99 -0.12
1359625 -13.31 0.06 1.59 -0.04 1.05 -0.03
1359731 15.44 -7.45 38.94 0.02 0.94 0.00
1359838 -29.79 -36.56 42.79 -0.00 0.97 -0.04
1359944 9.22 -1.71 -25.94 0.08 0.92 -0.01
1360050 1.77 -11.23 -13.85 -0.03 1.09 -0.09
1360157 -8.24 -1.28 -0.61 0.06 1.03 -0.04
1360263 -6.53 1.34 -11.72 -0.05 1.01 0.05
1360369 3.85 -19.53 4.09 -0.00 1.00 0.09
1360475 2.44 -12.39 -4.76 0.01 0.96 -0.06
1360581 -8.73 -7.26 -8.48 -0.03 1.00 -0.03
1360687 -45.04 -23.01 26.18 -0.06 1.05 0.08
1360794 -72.08 -26.67 59.14 0.08 0.97 0.15
1360900 -69.40 -4.70 38.94 0.16 0.95 0.31
1361006 -57.74 -34.97 41.20 0.22 0.92 0.39
1361112 -107.60 -37.35 87.34 0.40 0.78 0.53
1361219 -113.28 -29.66 59.81 0.54 0.64 0.64
1361326 -80.69 -64.51 42.85 0.61 0.49 0.67
1361432 -122.44 -46.02 48.52 0.70 0.32 0.72
1361538 -69.82 -42.18 41.08 0.74 0.12 0.75
1361644 -70.43 -72.51 33.08 0.86 -0.03 0.65
1361751 -17.46 -64.27 15.69 0.93 -0.08 0.56
1361858 4.64 -40.71 -17.88 0.89 -0.04 0.43
1361964 -5.92 -10.86 3.54 0.93 -0.06 0.45
1362070 -3.78 -13.12 2.93 0.94 -0.07 0.42
1362176 1.89 -5.49 -0.37 0.94 -0.07 0.40
1362282 15.01 30.40 -10.56 0.95 -0.07 0.41
1362388 15.50 36.32 -8.18 0.92 -0.01 0.49
1362494 10.74 74.46 4.76 0.87 0.00 0.58
1362600 15.81 81.67 -0.55 0.78 -0.00 0.73
1362706 21.73 101.56 -25.33 0.64 0.05 0.78
1362812 14.59 59.75 -16.91 0.55 0.09 0.92
1362918 -0.18 -29.30 21.55 0.56 0.07 0.90
1363024 5.37 11.23 -0.49 0.56 0.07 0.88
1363130 -1.22 10.13 -8.06 0.55 0.10 0.90
1363236 -7.75 -1.22 2.93 0.54 0.10 0.96
1363342 3.54 12.15 -9.03 0.53 0.08 0.93
1363448 2.20 -34.24 -2.81 0.48 0.17 0.93
1363554 3.23 0.12 4.58 0.54 0.09 0.93
1363660 -1.83 -15.81 11.23 0.48 0.08 0.94
1363766 34.79 -74.77 7.51 0.56 0.12 0.90
1363872 57.43 -73.30 -5.00 0.59 0.17 0.79
1363978 6.35 -52.98 -2.87 0.75 0.27 0.69
1364084 -13.92 -42.85 2.08 0.77 0.19 0.70
1364190 -8.42 1.53 -1.77 0.77 0.24 0.62
1364296 -55.11 -18.43 0.37 0.80 0.17 0.60
1364402 -24.29 -1.71 3.17 0.86 0.14 0.71
1364508 5.37 23.07 1.89 0.78 0.13 0.66
1364614 4.03 12.51 4.33 0.78 0.14 0.72
1364720 8.12 19.41 5.13 0.76 0.12 0.70
1364826 9.83 25.45 8.36 0.72 0.13 0.74
1364932 -0.06 6.59 0.61 0.73 0.13 0.73
1365038 1.83 12.82 0.24 0.72 0.12 0.79
1365144 -3.85 20.75 0.79 0.68 0.14 0.82
1365250 2.20 4.76 1.71 0.63 0.12 0.85
1365356 4.09 2.62 0.61 0.66 0.12 0.82
1365462 5.68 2.38 4.15 0.66 0.13 0.84
1365568 3.85 -5.25 -7.51 0.63 0.13 0.86
1365674 -1.95 -5.55 -8.00 0.61 0.13 0.85
1365780 -1.77 -0.92 0.67 0.64 0.13 0.84
1365886 -5.00 -7.02 -12.27 0.64 0.15 0.83
1365992 0.43 -11.23 -1.34 0.67 0.14 0.82
1366098 5.55 4.21 12.88 0.67 0.15 0.82
1366204 1.59 1.65 -0.79 0.63 0.14 0.84
1366310 -4.09 -15.93 -8.36 0.59 0.13 0.81
1366416 1.89 -4.70 -2.26 0.66 0.16 0.83
1366522 3.11 -5.07 -1.59 0.65 0.16 0.81
1366628 1.89 -5.00 -1.95 0.61 0.16 0.83
1366734 3.05 -6.53 -0.24 0.67 0.18 0.81
1366840 2.32 -8.91 0.67 0.68 0.16 0.83
1366946 5.13 -4.70 5.13 0.68 0.19 0.79
1367052 6.47 -9.70 12.57 0.68 0.19 0.82
1367158 10.56 -12.21 13.00 0.68 0.12 0.76
1367264 7.57 -15.50 7.20 0.68 0.13 0.78
1367370 1.10 -5.07 6.29 0.69 0.11 0.74
1367476 -0.43 -5.98 -0.18 0.71 0.14 0.76
1367582 2.93 -1.40 -0.73 0.72 0.13 0.76
1367688 4.88 -3.36 1.34 0.72 0.11 0.78
1367794 0.12 -2.14 -1.04 0.71 0.14 0.75
1367900 1.71 -4.39 -2.01 0.71 0.15 0.77
1368006 -0.37 -1.34 1.22 0.70 0.14 0.77
1368112 -1.59 -0.06 0.24 0.74 0.13 0.77
1368218 -0.49 -2.99 0.00 0.71 0.14 0.78
1368324 0.00 -5.31 0.31 0.71 0.12 0.77
1368430 0.24 -1.28 0.55 0.71 0.11 0.76
1368536 0.55 -2.20 0.06 0.68 0.11 0.79
1368642 1.65 -8.00 -1.83 0.71 0.12 0.76
1368748 1.95 -3.72 -2.99 0.69 0.11 0.77
1368854 -0.61 -4.88 -1.53 0.71 0.13 0.77
1368960 2.14 -4.09 2.01 0.70 0.14 0.76
1369066 0.37 -5.00 -2.38 0.72 0.13 0.79
1369172 -1.28 -2.56 -0.73 0.68 0.11 0.74
1369278 -0.43 1.71 0.98 0.72 0.14 0.79
1369384 1.22 -0.61 0.18 0.72 0.14 0.75
1369490 0.49 2.87 2.38 0.68 0.11 0.77
1369596 1.53 -4.58 -0.55 0.71 0.13 0.78
1369702 0.98 0.00 1.40 0.71 0.12 0.76
1369808 1.34 2.32 3.23 0.69 0.12 0.79
1369914 0.73 -12.21 -3.05 0.70 0.12 0.79
1370020 1.40 -3.05 1.40 0.68 0.12 0.77
1370126 1.71 -3.36 -1.59 0.68 0.12 0.82
1370232 0.61 -3.17 -1.89 0.69 0.13 0.81
M5StickC initializing...OK
gyroX, gyroY, gyroZ, accX, accY, accZ
3864 6.65 -1.77 -0.18 0.88 0.03 0.60
3970 2.99 -3.85 -3.48 0.88 0.04 0.57
4076 -4.09 0.06 -1.59 0.89 0.06 0.56
4182 -4.70 -8.85 -1.71 0.87 0.04 0.58
4288 -9.95 0.06 0.49 0.89 0.08 0.59
4394 0.79 -2.01 -5.92 0.87 0.07 0.57
4500 8.79 -3.85 4.03 0.88 0.04 0.56
4606 32.04 -9.77 9.34 0.84 0.05 0.53
4712 7.39 -3.23 -1.59 0.87 0.07 0.54
4818 11.47 25.09 1.28 0.86 0.07 0.59
4924 -3.05 11.29 11.54 0.83 0.08 0.63
5030 -15.08 0.31 3.85 0.78 0.06 0.64
5136 3.42 4.39 0.55 0.83 0.07 0.66
5242 0.55 4.76 -0.98 0.80 0.07 0.69
5348 -3.91 -9.22 -0.67 0.78 0.09 0.63
5454 -0.43 3.72 -1.28 0.79 0.09 0.71
5560 9.03 37.66 -7.20 0.78 0.11 0.78
5666 8.36 45.53 -8.79 0.70 0.09 0.83
5772 5.92 42.72 -4.88 0.64 0.10 0.84
5878 6.77 31.37 9.52 0.60 0.12 0.90
5984 2.69 22.64 4.39 0.53 0.11 0.89
6090 5.07 26.06 4.70 0.48 0.11 0.95
6196 3.17 15.32 5.55 0.46 0.12 0.97
6302 3.30 7.14 2.14 0.43 0.11 0.98
6408 1.28 2.87 0.79 0.44 0.13 0.98
6514 1.71 1.04 0.79 0.42 0.13 1.00
6620 -0.31 3.17 -0.85 0.41 0.12 0.99
6726 2.87 0.37 2.81 0.41 0.12 0.97
6832 9.64 3.05 6.10 0.41 0.15 0.99
6938 18.31 45.65 -3.54 0.40 0.03 0.82
7044 4.03 13.98 -6.16 0.28 0.18 1.02
7150 -15.32 -61.89 3.42 0.29 0.18 1.19
7256 -6.77 -49.68 -2.50 0.39 0.17 1.01
7362 -6.23 -33.26 -6.10 0.44 0.15 0.98
7468 5.55 16.85 -0.37 0.38 0.11 1.02
7574 -0.98 -2.93 -3.11 0.39 0.14 1.00
7680 -17.15 -3.72 -3.36 0.41 0.11 0.95
7786 -2.38 -8.06 1.16 0.40 0.14 0.96
7892 -1.34 4.39 -1.34 0.40 0.13 0.99
7998 -1.34 3.85 0.79 0.37 0.13 0.99
8104 2.56 6.04 1.71 0.37 0.13 0.99
8210 1.59 1.22 1.16 0.36 0.12 1.01
8316 2.20 -6.65 0.98 0.36 0.14 0.99
8422 1.89 -7.75 1.53 0.37 0.12 1.00
8528 2.08 -10.07 1.53 0.37 0.11 0.95
8634 -0.18 -2.75 -0.55 0.41 0.13 0.97
8740 0.49 -5.07 0.98 0.38 0.11 0.97
8846 6.16 -26.06 13.79 0.42 0.10 0.97
8952 -2.14 -21.36 3.54 0.48 0.14 0.97
9058 -0.06 -10.56 1.04 0.49 0.12 0.94
9164 -0.24 -17.40 1.83 0.49 0.12 0.94
9270 -0.61 -14.71 0.18 0.51 0.11 0.94
9376 0.55 -12.45 -1.53 0.60 0.10 0.96
9482 0.18 13.18 -1.46 0.54 0.12 0.96
9588 4.76 69.09 11.05 0.39 0.09 0.95
9694 -1.89 28.38 2.32 0.35 0.10 1.03
9800 0.43 1.22 -0.24 0.32 0.09 1.03
9906 -0.49 -4.52 -0.49 0.32 0.11 1.03
10012 1.04 -26.18 5.00 0.37 0.11 1.00
10118 -0.24 -14.59 1.83 0.36 0.08 1.00
10224 -0.24 7.45 -1.65 0.40 0.09 0.99
10330 -0.49 16.24 -5.00 0.36 0.09 1.00
10436 -0.37 0.92 -1.28 0.33 0.09 1.05
10542 0.49 -0.49 -0.12 0.33 0.10 1.03
10648 -0.49 8.67 -1.53 0.33 0.08 1.02
10754 0.85 2.38 0.67 0.32 0.09 1.02
10860 1.77 0.98 -0.55 0.29 0.09 1.06
10966 1.65 -1.04 -0.24 0.31 0.09 1.03
11072 1.10 -4.15 -1.10 0.31 0.08 1.04
11178 0.43 -8.42 0.18 0.32 0.10 1.05
11284 0.00 1.28 -2.38 0.30 0.09 1.03
11390 0.67 -0.85 -1.40 0.30 0.09 1.02
11496 1.10 -1.71 -1.34 0.28 0.10 1.02
11602 0.49 -0.55 -0.85 0.29 0.09 1.05
11708 1.34 -1.04 -0.67 0.29 0.10 1.03
11814 1.10 -0.73 -0.55 0.29 0.10 1.06
11920 0.43 -0.98 -0.37 0.29 0.10 1.05
12026 0.61 -3.23 -0.18 0.28 0.10 1.04
12132 1.83 -5.68 0.06 0.29 0.10 1.06
12238 1.53 -6.71 0.43 0.29 0.10 1.03
12344 1.28 -3.97 -0.31 0.30 0.11 1.03
12450 0.49 -0.61 -0.67 0.28 0.10 1.04
12556 0.92 -3.72 -0.55 0.28 0.10 1.03
12662 0.43 -1.59 -0.12 0.30 0.09 1.02
12768 0.92 -2.56 -0.37 0.28 0.09 1.03
12874 0.85 -6.23 0.06 0.30 0.09 1.04
12980 2.38 -4.33 -0.55 0.30 0.10 1.06
13086 1.83 -2.81 -0.55 0.29 0.09 1.03
13192 8.85 0.06 7.26 0.32 0.09 1.03
13298 4.09 -3.91 1.83 0.26 0.09 1.04
13404 4.15 11.90 2.93 0.28 0.10 1.05
13510 -19.04 -26.12 -4.58 0.26 0.07 1.12
13616 -17.76 21.24 -1.71 0.17 0.15 1.05
13722 -14.28 -3.48 -3.60 0.29 0.07 1.04
13828 -5.13 11.47 -3.85 0.25 0.04 1.05
13934 -11.72 11.90 -0.43 0.27 0.03 1.06
14040 8.54 36.74 -5.19 0.19 0.04 1.05
14146 -2.62 44.25 -9.09 0.12 0.04 1.06
14252 -6.10 -3.17 -11.23 0.09 0.03 1.02
14358 0.61 -2.75 -5.98 0.04 0.01 1.09
14464 1.53 -3.23 -17.21 0.03 -0.00 1.08
14570 2.56 -3.11 -1.83 0.04 0.04 1.04
14676 0.79 -2.32 -0.92 0.01 0.03 1.09
14782 1.22 -2.69 -0.12 0.02 0.00 1.09
14888 0.37 -2.93 -0.43 0.03 0.03 1.08
14994 0.73 -2.99 -0.18 0.04 0.02 1.08
15100 0.67 -2.56 3.23 0.05 0.02 1.08
15206 0.73 -2.56 -0.61 0.02 0.02 1.08
15312 -1.04 -2.50 -18.13 0.02 0.03 1.09
15418 1.10 -3.05 -0.31 0.05 0.02 1.09
15524 0.06 -2.93 -0.49 0.02 0.03 1.08
15630 0.55 -2.20 -0.49 0.02 0.02 1.09
15736 0.67 -2.56 0.79 0.05 0.03 1.08
15842 3.30 -4.33 5.74 0.03 0.01 1.08
15948 0.98 -3.05 -0.12 0.02 0.02 1.08
16054 0.12 -2.62 3.54 0.04 0.02 1.08
16160 0.79 -2.87 -0.18 0.04 0.02 1.08
16266 1.34 -2.81 -0.12 0.04 0.03 1.09
16372 0.98 -2.81 -0.37 0.04 0.02 1.08
16478 0.98 -2.50 -4.64 0.04 0.02 1.07
16584 -0.73 -2.32 -5.74 0.02 0.01 1.09
16690 3.42 -4.15 -1.16 0.06 0.03 1.06
16796 1.10 -2.56 -0.31 0.03 0.02 1.08
16902 1.71 -2.87 -0.61 0.04 0.02 1.08
17008 0.98 -3.36 -0.85 0.02 0.01 1.08
17114 0.49 -2.93 -0.49 0.03 0.02 1.08
17220 0.18 -3.17 -0.49 0.03 0.02 1.08
17326 0.85 -3.11 -0.49 0.03 0.02 1.07
17432 0.24 -2.75 -0.55 0.03 0.01 1.08
17538 0.92 -3.30 -0.61 0.03 0.01 1.08
17644 0.67 -2.81 -0.31 0.04 0.02 1.09
17750 0.98 -1.59 -0.24 0.02 0.01 1.09
17856 1.10 -2.56 -0.18 0.03 0.02 1.08
17962 0.61 -2.69 -0.79 0.03 0.02 1.07
18068 0.79 -2.32 -0.43 0.02 0.03 1.08
18174 0.61 -3.05 -0.43 0.04 0.01 1.09
18280 0.49 -3.23 -0.31 0.03 0.01 1.08
18386 0.55 -2.44 -0.61 0.03 0.01 1.09
18492 0.00 -2.69 0.06 0.03 0.01 1.08
18598 0.98 -2.50 -0.12 0.04 0.02 1.10
18704 0.73 -1.95 -0.12 0.04 0.01 1.08
18810 0.85 -1.65 -0.43 0.03 0.01 1.08
18916 0.61 -2.81 -0.37 0.03 0.02 1.08
19022 0.61 -2.44 -0.55 0.03 0.01 1.08
19128 1.65 -2.26 -0.31 0.04 0.02 1.07
19234 0.67 -2.62 -0.18 0.04 0.02 1.07
19340 0.73 -3.05 -0.06 0.04 0.01 1.08
19446 0.12 -2.20 -0.24 0.03 0.01 1.08
19552 1.28 -2.62 -0.43 0.03 0.02 1.09
19658 0.31 -2.56 -0.55 0.03 0.02 1.09
19764 0.79 -2.81 0.18 0.03 0.02 1.08
19870 0.43 -2.32 -0.43 0.04 0.02 1.09
19976 1.10 -2.44 -0.37 0.02 0.01 1.09
20082 0.43 -2.75 -0.18 0.04 0.02 1.09
20188 0.67 -2.62 0.12 0.04 0.01 1.08
20294 0.73 -2.99 -0.49 0.04 0.01 1.09
20400 1.10 -2.32 -0.37 0.04 0.01 1.10
20506 0.73 -2.32 -0.31 0.02 0.02 1.09
20612 1.40 -2.75 0.12 0.04 0.03 1.08
20718 0.55 -2.44 -0.06 0.03 0.02 1.09
20824 0.49 -1.95 -0.37 0.03 0.03 1.08
20930 0.24 -3.05 -0.06 0.03 0.01 1.09
21036 0.55 -2.81 -0.37 0.03 0.01 1.08
21142 0.73 -3.17 -0.55 0.03 0.03 1.08
21248 0.61 -3.11 -0.92 0.04 0.02 1.09
21354 0.73 -2.38 -0.31 0.02 0.03 1.10
21460 0.61 -3.17 -0.43 0.03 0.01 1.09
21566 1.04 -2.50 -0.24 0.02 0.02 1.08
21672 0.85 -3.17 0.00 0.03 0.02 1.09
21778 0.85 -2.62 -0.37 0.03 0.02 1.07
21884 0.43 -2.81 -0.49 0.04 0.02 1.09
21990 1.22 -3.23 -0.31 0.03 0.02 1.08
22096 0.49 -2.93 -0.55 0.03 0.02 1.09
22202 1.10 -2.81 -0.18 0.03 0.02 1.08
22308 0.79 -2.87 -0.61 0.02 0.03 1.07
22414 1.10 -2.99 -0.67 0.03 0.01 1.10
22520 0.06 -3.05 -0.37 0.05 0.02 1.09
22626 0.85 -2.08 -0.12 0.04 0.02 1.08
22732 0.61 -2.26 -0.12 0.03 0.02 1.09
22838 1.10 -2.50 -0.18 0.04 0.02 1.09
22944 1.34 -3.42 -0.43 0.03 0.01 1.09
23050 0.67 -2.81 -0.24 0.04 0.01 1.08
23156 0.79 -3.23 -0.18 0.02 0.01 1.09
23262 0.49 -3.17 -0.43 0.04 0.02 1.09
23368 0.92 -2.32 -0.67 0.04 0.02 1.09
23474 0.67 -2.87 -0.31 0.02 0.02 1.07
23580 0.49 -3.05 -0.31 0.02 0.02 1.08
23686 0.73 -2.38 0.24 0.04 0.03 1.08
23792 0.55 -2.38 0.12 0.03 0.01 1.08
23898 1.04 -2.99 -0.37 0.02 0.01 1.10
24004 1.04 -2.32 -0.55 0.02 0.01 1.09
24110 0.61 -3.36 -0.43 0.03 0.01 1.07
24216 0.85 -2.56 -0.12 0.03 0.02 1.09
24322 0.31 -2.93 -0.31 0.02 0.03 1.09
24428 0.55 -2.20 -0.24 0.04 0.03 1.09
24534 0.55 -2.62 -0.37 0.02 0.01 1.10
24640 0.92 -2.81 -0.31 0.04 0.02 1.08
24746 0.67 -2.69 -0.18 0.02 0.01 1.07
24852 0.85 -2.26 -0.43 0.02 0.01 1.08
24958 1.16 -2.44 0.12 0.03 0.01 1.08
25064 0.49 -2.14 0.24 0.03 0.02 1.09
25170 0.85 -2.44 -0.49 0.03 0.01 1.09
25276 0.67 -2.08 -0.37 0.03 0.03 1.09
25382 0.79 -2.38 -0.55 0.02 0.00 1.09
25488 0.55 -2.56 -0.37 0.03 0.02 1.09
25594 0.61 -2.69 -0.43 0.02 0.01 1.10
25700 0.85 -3.30 -0.18 0.04 0.01 1.10
25806 0.73 -2.38 -0.43 0.02 0.02 1.07
25912 0.43 -2.38 -0.61 0.04 0.02 1.09
26018 1.16 -2.87 -0.31 0.03 0.01 1.10
26124 0.49 -2.99 -0.67 0.02 0.01 1.09
26230 1.04 -2.56 -0.31 0.01 0.02 1.08
26336 1.28 -2.62 -0.37 0.03 0.02 1.10
26442 -0.37 -1.83 0.06 0.03 0.00 1.18
26548 1.28 -2.93 -0.18 0.03 0.01 1.10
26654 0.98 -2.69 -0.73 0.04 0.01 1.08
26760 1.28 -2.56 -0.12 0.03 0.02 1.08
26866 0.55 -2.44 0.06 0.03 0.01 1.09
26972 0.18 -2.14 -0.49 0.04 0.02 1.08
27078 0.92 -2.62 -0.37 0.03 0.01 1.10
27184 0.49 -2.81 -0.06 0.04 0.01 1.09
27290 0.37 -2.93 -0.49 0.02 0.01 1.10
27396 0.55 -2.62 -0.37 0.02 0.01 1.08
27502 0.37 -2.56 -0.61 0.03 0.02 1.09
27608 0.18 -2.50 -0.37 0.04 0.02 1.08
27714 0.61 -2.50 -0.43 0.04 0.03 1.08
27820 0.24 -2.87 -0.55 0.03 0.02 1.10
27926 1.53 -2.87 -0.37 0.04 0.01 1.08
28032 1.10 -2.08 -0.49 0.05 0.02 1.08
28138 0.55 -2.56 0.00 0.05 0.02 1.09
28244 0.67 -2.38 -0.49 0.04 0.02 1.08
28350 0.61 -2.38 0.06 0.04 0.02 1.08
28456 0.92 -2.56 -0.18 0.02 0.00 1.10
28562 0.67 -2.75 -0.31 0.04 0.03 1.08
28668 0.55 -1.95 -0.61 0.04 0.02 1.08
28774 0.85 -2.32 -0.43 0.04 0.03 1.09
28880 0.98 -2.50 -0.06 0.04 0.03 1.08
28986 0.67 -1.89 -0.12 0.04 0.02 1.08
29092 0.92 -2.56 0.18 0.03 0.02 1.09
29198 0.98 -2.62 -0.55 0.03 0.02 1.08
29304 0.73 -2.44 -0.18 0.03 0.01 1.09
29410 0.43 -2.93 0.06 0.04 0.03 1.07
29516 0.24 -2.20 0.06 0.04 0.02 1.08
29622 0.92 -2.69 -0.31 0.05 0.02 1.07
29728 0.73 -2.81 0.18 0.04 0.02 1.09
29834 -0.37 -2.38 -0.67 0.04 0.02 1.09
29940 0.73 -2.93 -0.43 0.05 0.02 1.09
30046 0.79 -2.32 -0.49 0.02 0.02 1.07
30152 0.85 -2.81 0.18 0.04 0.02 1.09
30258 0.43 -2.69 -0.31 0.03 0.03 1.08
30364 0.67 -2.62 -0.43 0.04 0.01 1.10
30470 0.55 -2.32 -0.43 0.04 0.02 1.09
30576 0.61 -1.95 -0.24 0.05 0.02 1.09
30682 0.37 -2.62 -0.24 0.02 0.02 1.10
30788 1.40 -2.32 -0.37 0.04 0.02 1.08
30894 0.67 -3.11 0.00 0.03 0.02 1.09
31000 0.18 -2.56 -0.24 0.04 0.03 1.09
31106 1.46 -2.62 -0.31 0.02 0.02 1.09
31212 0.98 -2.26 -0.12 0.04 0.02 1.09
31318 1.16 -2.44 0.00 0.03 0.02 1.09
31424 0.06 -2.81 -0.18 0.04 0.02 1.08
31530 0.79 -2.26 -0.18 0.03 0.03 1.10
31636 1.10 -2.32 -0.31 0.02 0.02 1.07
31742 0.85 -2.69 -0.49 0.03 0.04 1.07
31848 0.73 -2.20 -0.31 0.04 0.02 1.09
31954 1.10 -2.01 0.12 0.02 0.03 1.10
32060 0.67 -2.01 -0.73 0.03 0.02 1.09
32166 0.79 -2.26 0.18 0.04 0.03 1.08
32272 0.55 -2.62 -0.55 0.04 0.01 1.10
32378 0.12 -2.75 -0.24 0.04 0.02 1.09
32484 0.85 -2.69 -0.18 0.03 0.01 1.09
32590 0.55 -2.69 -0.73 0.04 0.02 1.12
32696 0.61 -2.56 -0.37 0.02 0.01 1.10
32802 0.24 -2.62 -0.67 0.03 0.02 1.10
32908 0.85 -1.83 -0.43 0.04 0.01 1.09
33014 0.49 -2.44 0.00 0.03 0.02 1.08
33120 0.37 -2.08 -0.43 0.03 0.02 1.09
33226 0.67 -2.69 -0.31 0.03 0.02 1.08
33332 0.12 -2.14 0.31 0.05 0.03 1.09
33438 0.98 -2.08 -0.18 0.02 0.02 1.10
33544 1.40 -2.56 -0.12 0.04 0.03 1.08
33650 0.92 -2.44 -0.49 0.03 0.02 1.09
33756 0.85 -2.26 -0.55 0.02 0.02 1.08
33862 1.28 -2.62 -0.18 0.05 0.03 1.10
33968 0.24 -2.75 -0.12 0.03 0.01 1.08
34074 0.92 -2.32 0.00 0.02 0.01 1.09
34180 0.92 -1.83 -0.55 0.02 0.01 1.06
34286 0.55 -2.69 -0.12 0.03 0.02 1.12
34392 1.22 -3.05 -0.31 0.04 0.02 1.08
34498 0.55 -2.75 0.12 0.04 0.01 1.07
34604 0.92 -2.99 -0.37 0.02 0.01 1.10
34710 0.61 -2.20 0.00 0.03 0.01 1.09
34816 0.98 -2.56 0.18 0.04 0.01 1.07
34922 1.53 -2.20 -0.43 0.03 0.01 1.07
35028 0.55 -2.32 -0.06 0.02 0.03 1.08
35134 0.92 -2.62 -0.24 0.04 0.03 1.09
35240 0.98 -3.30 -0.06 0.02 0.03 1.08
35346 0.31 -2.62 0.18 0.03 0.03 1.09
35452 0.37 -2.69 -0.43 0.04 0.01 1.08
35558 0.24 -1.95 0.06 0.03 0.02 1.08
35664 0.55 -2.87 -0.37 0.03 0.01 1.09
35770 0.67 -2.81 -0.37 0.04 0.02 1.10
35876 0.67 -2.56 -0.55 0.03 0.03 1.07
35982 0.31 -2.62 -0.06 0.03 0.02 1.08
36088 1.46 -1.89 -0.12 0.04 0.01 1.10
36194 0.55 -2.81 -0.12 0.03 0.02 1.09
36300 0.79 -2.99 -0.06 0.02 0.02 1.10
36406 0.67 -2.01 -0.06 0.02 0.01 1.09
36512 0.37 -2.50 -0.24 0.04 0.04 1.08
36618 0.24 -2.38 -0.18 0.02 0.02 1.08
36724 0.43 -2.56 -0.18 0.04 0.01 1.09
36830 -0.18 -2.81 -0.37 0.03 0.01 1.09
36936 0.79 -2.38 0.00 0.03 0.01 1.08
37042 1.16 -2.44 -0.43 0.02 0.02 1.11
37148 1.10 -2.20 -0.43 0.02 0.02 1.10
37254 0.67 -2.38 -0.12 0.03 0.02 1.09
37360 1.40 -2.38 -0.37 0.02 0.01 1.09
37466 0.61 -2.81 -0.55 0.04 0.02 1.10
37572 0.55 -1.89 -0.31 0.02 0.02 1.09
37678 1.04 -2.26 -0.06 0.03 0.01 1.09
37784 0.55 -2.69 -0.37 0.04 0.02 1.09
37890 -0.06 -2.99 -0.24 0.03 0.03 1.08
37996 0.92 -1.95 0.00 0.03 0.02 1.08
38102 0.31 -2.81 -0.55 0.02 0.02 1.10
38208 0.55 -2.56 0.06 0.03 0.01 1.08
38314 0.61 -2.08 0.12 0.02 0.02 1.07
38420 0.73 -2.50 -0.12 0.02 0.01 1.10
38526 1.28 -2.26 -0.37 0.03 0.02 1.09
38632 0.61 -2.93 -0.31 0.03 0.01 1.08
38738 0.85 -2.26 0.06 0.02 0.01 1.09
38844 0.43 -2.69 -0.06 0.03 0.01 1.09
38950 1.10 -2.44 -0.55 0.03 0.02 1.09
39056 0.37 -2.62 0.00 0.02 0.02 1.06
39162 1.04 -2.14 -0.67 0.03 0.02 1.09
39268 0.49 -2.75 -0.24 0.03 0.02 1.09
39374 1.04 -2.69 -0.55 0.03 0.01 1.09
39480 0.55 -2.38 -0.18 0.03 0.02 1.08
39586 0.55 -2.20 -0.12 0.02 0.01 1.07
39692 0.49 -2.32 -0.06 0.03 0.01 1.09
39798 1.28 -2.20 -0.24 0.02 0.01 1.08
39904 0.31 -2.08 -0.24 0.02 0.02 1.09
40010 0.79 -2.26 -0.24 0.04 0.02 1.08
40116 0.31 -2.08 -0.06 0.03 0.02 1.08
40222 0.61 -2.08 -0.43 0.02 0.01 1.08
40328 1.04 -2.62 0.06 0.03 0.01 1.08
40434 0.79 -2.56 0.12 0.03 0.01 1.08
40540 0.98 -2.32 -0.67 0.03 0.03 1.09
40646 0.79 -2.62 -0.18 0.02 0.03 1.08
40752 1.71 -2.14 -0.43 0.03 0.03 1.09
40858 1.22 -2.69 0.12 0.03 0.02 1.09
40964 0.31 -3.17 -0.06 0.02 0.01 1.09
41070 0.98 -2.32 0.00 0.04 0.02 1.08
41176 0.73 -2.69 -0.55 0.04 0.01 1.08
41282 1.10 -2.69 -0.12 0.04 0.03 1.09
41388 0.85 -2.62 -0.37 0.03 0.02 1.08
41494 0.49 -2.26 -0.73 0.04 0.02 1.08
41600 1.10 -2.38 0.00 0.02 0.01 1.09
41706 0.67 -2.75 -0.06 0.02 0.01 1.09
41812 0.31 -2.20 -0.12 0.02 0.00 1.09
41918 0.73 -2.50 -0.06 0.04 0.03 1.08
42024 1.04 -2.81 -0.24 0.03 0.01 1.08
42130 0.55 -3.11 -0.24 0.02 0.00 1.07
42236 0.98 -1.95 -0.24 0.02 0.01 1.08
42342 0.98 -2.69 -0.24 0.02 0.01 1.09
42448 0.55 -2.20 0.06 0.03 0.02 1.09
42554 0.73 -2.62 -0.98 0.04 0.04 1.09
42660 0.43 -2.01 -0.43 0.02 0.01 1.10
42766 0.98 -2.75 -0.98 0.05 0.03 1.09
42872 0.73 -2.32 0.12 0.03 0.02 1.09
42978 0.73 -2.62 -0.31 0.02 0.02 1.10
43084 1.04 -3.11 0.43 0.02 0.02 1.08
43190 1.28 -2.81 -0.18 0.03 0.02 1.09
43296 0.37 -1.89 0.00 0.02 0.01 1.09
43402 0.73 -2.62 -0.18 0.04 0.02 1.08
43508 0.73 -2.56 -0.55 0.05 0.02 1.06
4